277073169135
59 721 807 104 51 64 832 415 313 73 1000 65 845 914 632 600 846 932 381 151 804 847 271 465 176 81 568 101 885 250 497 925 156 32 204 62 981 323 50 610 570 779 692 112 674 889 218 308 37 501 195 441 623 43 715 489 795 883 749 90 145 579 635 554 493 783 460 230 974 472 53 132 519 638 300 789 969 659 701 484 876 462 76 219 813 584 168 487 726 979 197 870 682 10 945 354 844 294 143 660 884 742 161 192 423 431 221 263 788 699 30 36 274 574 505 707 139 23 908 700 763 226 732 75 427 304 509 536 70 604 39 953 591 930 759 455 199 256 396 243 902 424 656 337 636 356 492 445 821 177 827 714 937 227 366 301 850 124 965 896 3 639 407 329 97 41 335 606 662 148 416 849 975 371 375 179 270 852 886 387 895 447 559 438 812 658 962 4 933 42 781 491 723 526 760 57 620 549 750 351 477 122 133 736 710 360 773 113 35 100 573 279 917 111 236 774 131 752 98 830 44 910 730 170 457 339 916 756 146 404 967 119 78 900 27 11 307 368 542 367 626 208 196 673 440 248 532 69 999 648 520 719 816 977 481 211 901 373 480 406 311 513 993 180 864 904 466 222 120 61 167 982 814 790 608 995 378 40 393 596 961 400 834 293 191 836 535 246 874 123 458 314 805 251 743 164 114 598 919 915 529 575 905 282 348 800 453 20 552 873 912 564 944 859 212 826 994 296 144 892 463 198 52 766 121 444 135 494 942 709 349 66 923 443 58 474 727 94 851 537 585 654 677 877 786 684 7 998 909 26 203 528 580 738 808 950 331 728 963 67 390 115 894 414 958 514 607 291 926 980 105 72 609 207 357 523 566 737 614 703 518 225 681 731 2 643 898 19 399 439 213 202 686 386 522 249 657 593 560 502 419 823 833 858 527 265 482 126 420 838 385 661 165 297 893 679 533 868 86 217 943 258 95 555 541 848 602 284 247 599 739 582 362 748 561 13 68 990 310 691 650 787 388 365 321 181 578 171 48 696 174 229 316 426 882 425 324 708 85 269 842 476 652 985 613 922 84 777 286 628 470 500 302 947 223 798 254 872 394 948 359 405 74 290 71 516 949 110 878 163 671 680 403 860 469 242 644 507 624 655 669 793 589 818 22 567 435 210 183 149 642 853 784 153 31 184 384 668 829 569 45 776 725 646 379 968 369 733 312 767 544 118 577 952 15 504 336 82 934 865 451 936 664 688 495 938 854 745 960 83 93 377 558 622 764 792 87 160 724 448 586 881 557 412 530 619 392 272 645 897 298 857 147 9 867 446 194 319 695 473 343 617 408 746 629 188 216 205 935 127 506 346 594 649 670 706 565 924 550 698 621 618 595 939 461 281 744 822 810 350 21 918 259 241 510 14 486 200 434 186 791 355 806 353 553 753 383 276 687 18 436 801 433 24 521 546 517 989 287 603 318 735 108 273 718 285 563 831 740 840 888 106 782 605 422 588 597 809 741 342 157 956 906 467 997 525 972 340 576 863 931 232 166 169 991 452 592 215 6 295 303 712 175 262 797 158 464 693 182 992 702 233 315 159 109 370 627 333 60 799 91 531 334 653 88 911 839 539 56 583 189 338 665 49 828 663 959 705 417 454 771 758 125 720 468 957 154 17 887 996 772 341 253 971 102 25 667 137 987 479 8 711 819 187 515 976 861 927 899 775 29 676 267 136 237 107 734 820 238 234 880 722 817 12 590 856 376 483 768 954 601 129 92 815 397 717 327 55 46 973 358 496 28 761 512 488 478 498 978 288 471 941 280 320 245 54 344 322 803 220 678 382 391 689 235 869 762 449 116 499 352 571 704 411 765 475 587 240 332 252 374 633 421 152 785 903 389 134 317 770 117 33 306 231 77 837 155 277 611 879 855 683 754 89 616 305 437 913 751 538 347 402 551 260 666 685 672 429 409 38 634 970 875 866 625 201 299 630 79 615 641 921 811 364 190 430 239 612 266 966 964 508 548 326 141 780 138 206 268 361 99 843 929 534 802 193 713 920 328 983 794 490 63 142 524 778 5 96 697 214 556 172 450 891 637 410 747 755 140 325 228 940 729 178 401 485 988 130 955 244 128 398 984 716 540 372 562 264 275 16 162 951 694 769 173 986 647 442 103 261 224 675 547 363 907 289 824 928 292 511 150 572 380 503 278 47 545 543 690 257 209 413 309 330 640 185 871 345 1 395 835 890 796 631 255 34 456 283 581 459 946 80 651 825 841 862 418 432 757 428
0: 979846008 978292451 58 
1: 979775022 976936815 720 
2: 994634407 975194853 806 
3: 949067054 938124474 103 
4: 990806263 921733418 50 
5: 932276053 921457474 63 
6: 981202451 906527079 831 
7: 993308956 903763495 414 
8: 976594538 894168557 312 
9: 903645019 884337817 72 
10: 942271408 879076013 999 
11: 966307226 873176619 64 
12: 923320636 869014752 844 
13: 953245506 853639991 913 
14: 869851924 837263783 631 
15: 956563612 835844645 599 
16: 964127525 834175769 845 
17: 993995664 832213835 931 
18: 956617424 831523897 380 
19: 912825298 828617699 150 
20: 881310329 827074698 803 
21: 847854470 825020458 846 
22: 893236340 824962103 270 
23: 821162081 816725228 464 
24: 846351364 814051976 175 
25: 926584611 813145597 80 
26: 954874671 812750012 567 
27: 898737407 811679859 100 
28: 893588013 807252660 884 
29: 808127747 807013603 249 
30: 806967259 796159208 496 
31: 955229481 796062345 924 
32: 964944213 790212477 155 
33: 839369148 784913688 31 
34: 956112038 784658080 203 
35: 860502037 784247287 61 
36: 868920338 783989084 980 
37: 794515904 782684911 322 
38: 936502927 779448990 49 
39: 990607689 779179276 609 
40: 979067727 774587881 569 
41: 825785904 771266075 778 
42: 888319856 771259277 691 
43: 955953329 769787362 111 
44: 830257761 768066792 673 
45: 832158671 766778007 888 
46: 880583937 760904914 217 
47: 858767563 760001699 307 
48: 822503889 758975162 36 
49: 822094394 754095939 500 
50: 787852602 750744591 194 
51: 775917341 750166492 440 
52: 751491209 745604986 622 
53: 856809151 743486874 42 
54: 998415717 741774759 714 
55: 980481855 740280958 488 
56: 753246258 740157714 794 
57: 782957648 738725521 882 
58: 988176662 737297653 748 
59: 870614257 736237491 89 
60: 921823721 734345971 144 
61: 976452260 733587434 578 
62: 866368175 730726212 634 
63: 869535768 726781795 553 
64: 927105156 725790805 492 
65: 760661678 725649582 782 
66: 786997108 722687333 459 
67: 886760232 722490002 229 
68: 747316851 720672373 973 
69: 804429679 720172206 471 
70: 978760161 719894656 52 
71: 912239375 719786887 131 
72: 764820747 714727785 518 
73: 806354421 712848304 637 
74: 755066481 708436102 299 
75: 893767324 707952417 788 
76: 874682073 707223746 968 
77: 959361844 705691483 658 
78: 752761841 702906649 700 
79: 830297328 701008487 483 
80: 748392311 700129192 875 
81: 780901477 698857394 461 
82: 773280318 691684214 75 
83: 990381081 690390307 218 
84: 814056498 689676755 812 
85: 753976456 689110742 583 
86: 986033787 688501071 167 
87: 992986771 688157737 486 
88: 734217966 687558768 725 
89: 777902307 685734936 978 
90: 806899006 683276276 196 
91: 926978728 682086734 869 
92: 859505386 677605484 681 
93: 818736355 674849241 9 
94: 938995043 674686942 944 
95: 954909986 673620697 353 
96: 851174031 673466954 843 
97: 847802556 672056816 293 
98: 770241310 670798755 142 
99: 891858291 669354204 659 
100: 739079324 667732823 883 
101: 707952930 666476136 741 
102: 930259756 666407945 160 
103: 696951453 665887057 191 
104: 929518039 662673452 422 
105: 749950445 660976858 430 
106: 982751500 659378035 220 
107: 660203013 657861276 262 
108: 704195198 657737990 787 
109: 816249993 656489553 698 
110: 853308909 651884829 29 
111: 839612452 651261610 35 
112: 780886038 648354107 273 
113: 704502692 648344845 573 
114: 975752491 648107637 504 
115: 771263555 647035157 706 
116: 796807778 646818283 138 
117: 647773264 645886400 22 
118: 881501697 644581369 907 
119: 978456870 643276896 699 
120: 908123162 642370214 762 
121: 750624966 640253109 225 
122: 859035757 639851022 731 
123: 714102217 638069870 74 
124: 767157259 637723045 426 
125: 857964611 635995359 303 
126: 963474706 632952379 508 
127: 730146278 632485469 535 
128: 805550377 632179774 69 
129: 637358875 629147946 603 
130: 822960358 627952007 38 
131: 915336988 622257986 952 
132: 905419812 619109579 590 
133: 932073395 609736377 929 
134: 853334711 608741963 758 
135: 990546015 607259175 454 
136: 653367096 606455921 198 
137: 879737597 603660478 255 
138: 772635877 601880019 395 
139: 736255485 600643628 242 
140: 848680263 599276272 901 
141: 613913204 598230037 423 
142: 727751791 596819281 655 
143: 938581100 596267130 336 
144: 844549700 594221432 635 
145: 641467344 592520440 355 
146: 996308212 590518193 491 
147: 728606450 590459835 444 
148: 617351072 588854458 820 
149: 650693494 587473740 176 
150: 589012361 586975763 826 
151: 703645398 585880431 713 
152: 842813570 585555953 936 
153: 698520775 585113984 226 
154: 746436060 584704143 365 
155: 804256883 583860782 300 
156: 921229950 583478046 849 
157: 745256215 583135937 123 
158: 760489960 581903204 964 
159: 896303191 580639200 895 
160: 803980871 579078997 2 
161: 859506309 578370594 638 
162: 610858472 576183268 406 
163: 583902633 574655158 328 
164: 652683534 573641204 96 
165: 795299450 573380972 40 
166: 869974579 572693700 334 
167: 842371166 571620675 605 
168: 807399712 570294808 661 
169: 583088397 570253623 147 
170: 664017192 569698423 415 
171: 932027036 568185929 848 
172: 875443459 566456207 974 
173: 874376810 566148271 370 
174: 939952030 562971685 374 
175: 820696220 562015718 178 
176: 797638095 560466839 269 
177: 656270823 557695365 851 
178: 672577741 557495887 885 
179: 887077374 555582027 386 
180: 704881272 555552020 894 
181: 755248736 554169873 446 
182: 992378011 550208047 558 
183: 697767085 549859412 437 
184: 992924495 549701197 811 
185: 920559861 547836412 657 
186: 672654771 546690136 961 
187: 861095072 544384338 3 
188: 845139189 543967811 932 
189: 644464578 543844945 41 
190: 758708126 542713199 780 
191: 913487604 539997561 490 
192: 928795952 538521170 722 
193: 954175747 538015582 525 
194: 946476063 537501853 759 
195: 607539685 536875982 56 
196: 715477619 534053220 619 
197: 850933992 531405745 548 
198: 783544947 530826711 749 
199: 552783731 529771750 350 
200: 809536481 528319694 476 
201: 774367503 527940732 121 
202: 722460568 527177599 132 
203: 714688269 525021994 735 
204: 648382742 518796607 709 
205: 941517812 515803352 359 
206: 908752241 514088578 772 
207: 704555331 513883610 112 
208: 887289915 512286324 34 
209: 573085537 512064947 99 
210: 855115512 511505500 572 
211: 765785507 511116151 278 
212: 814317150 508602542 916 
213: 989194729 508098068 110 
214: 883406197 507614301 235 
215: 774589246 507200359 773 
216: 716863001 506749800 130 
217: 778991105 505334405 751 
218: 754780130 505047281 97 
219: 858876459 498727107 829 
220: 572086080 496095752 43 
221: 773212014 495824831 909 
222: 575966848 492643280 729 
223: 580873359 491195163 169 
224: 591339377 487176356 456 
225: 655678072 484556930 338 
226: 662254290 483583935 915 
227: 963867061 483386837 755 
228: 830121995 482979220 145 
229: 844962515 482677666 403 
230: 530850883 482202471 966 
231: 788425492 479010054 118 
232: 785491496 476006635 77 
233: 681222532 473682850 899 
234: 654353213 472204632 26 
235: 867977435 472037029 10 
236: 687316171 470717324 306 
237: 789081312 470690384 367 
238: 949619667 466701125 541 
239: 869549736 466686377 366 
240: 509676517 465117899 625 
241: 953546232 461348479 207 
242: 988421724 459363453 195 
243: 916748690 457995625 672 
244: 492877456 455680150 439 
245: 979522399 455583560 247 
246: 464155679 454968735 531 
247: 668406063 453628306 68 
248: 530354723 450717287 998 
249: 536934571 449471963 647 
250: 515939466 449264234 519 
251: 795603753 448819367 718 
252: 960710482 446106534 815 
253: 725999075 445430375 976 
254: 463069371 445415574 480 
255: 465963980 445324638 210 
256: 547214346 445269417 900 
257: 665199349 444685282 372 
258: 796412294 442417356 479 
259: 725408233 442303998 405 
260: 614726104 441869108 310 
261: 699117615 440515148 512 
262: 694419567 440227293 992 
263: 579166863 438741858 179 
264: 516933208 438573573 863 
265: 607816874 433667344 903 
266: 770786828 433236214 465 
267: 698803937 432773961 221 
268: 445694255 432302241 119 
269: 882837248 431983899 60 
270: 721735267 430899962 166 
271: 598207395 430412879 981 
272: 573001018 427098088 813 
273: 827189866 426299915 789 
274: 529221191 426274519 607 
275: 786021323 426233898 994 
276: 548217560 425147555 377 
277: 475702181 422979384 39 
278: 684959823 421807819 392 
279: 790898125 421239304 595 
280: 755050998 421121421 960 
281: 788421425 419415290 399 
282: 665704250 419366165 833 
283: 622156745 418858059 292 
284: 823500041 414939256 190 
285: 636767944 414127769 835 
286: 906062792 413590654 534 
287: 608569156 413176655 245 
288: 824386721 411461205 873 
289: 484938204 411106080 122 
290: 595605750 409929560 457 
291: 828164773 408841698 313 
292: 919834406 407257118 804 
293: 652834766 404725450 250 
294: 422796890 402794005 742 
295: 998777002 402578115 163 
296: 736616009 401396620 113 
297: 429969450 398773200 597 
298: 590310385 397716864 918 
299: 777250793 397271165 914 
300: 901904933 394116066 528 
301: 747855785 394023493 574 
302: 538206076 393061154 904 
303: 573415781 391747384 281 
304: 581639910 391643696 347 
305: 853891887 391055545 799 
306: 451120787 390000473 452 
307: 672438788 388209359 19 
308: 465983043 387862103 551 
309: 528246202 387301157 872 
310: 522315040 385749684 911 
311: 932973615 385389015 563 
312: 621394596 384768776 943 
313: 928478271 383818778 858 
314: 475840131 381941789 211 
315: 558706650 381425120 825 
316: 907482059 381245644 993 
317: 849551810 379765226 295 
318: 520980926 376955333 143 
319: 822889311 376133398 891 
320: 949536858 376120803 462 
321: 667802501 375331993 197 
322: 392618405 374795663 51 
323: 643936296 374757419 765 
324: 483895144 374243833 120 
325: 972688741 374125907 443 
326: 516757868 372984138 134 
327: 730364835 372103382 493 
328: 671030508 371099191 941 
329: 595039482 369506671 708 
330: 944917648 368721479 348 
331: 522202490 367257148 65 
332: 481997517 367072546 922 
333: 786313657 366775004 442 
334: 505480583 365016957 57 
335: 428525427 364511588 473 
336: 733629117 364092965 726 
337: 885728047 363407231 93 
338: 432281513 362629604 850 
339: 409299718 361882084 536 
340: 437175845 361477977 584 
341: 867195563 361377614 653 
342: 932893631 359594263 676 
343: 512492025 357444959 876 
344: 592774683 355923902 785 
345: 450102954 355646121 683 
346: 865945442 355608150 6 
347: 542116379 354278306 997 
348: 480751294 352599832 908 
349: 374970926 352271210 25 
350: 492782430 352228481 202 
351: 571093085 351188574 527 
352: 409662600 350937737 579 
353: 900229081 349710227 737 
354: 729176861 347239874 807 
355: 584755218 345038366 949 
356: 504667277 343611589 330 
357: 607205006 343508171 727 
358: 878711472 343255375 962 
359: 790957950 342740458 66 
360: 991309251 341768207 389 
361: 945406352 340503125 114 
362: 913240294 340318358 893 
363: 492813098 337844190 413 
364: 736391473 336458663 957 
365: 893529661 336410318 513 
366: 415891345 334871452 606 
367: 509032071 334870531 290 
368: 489813910 333115815 925 
369: 851778114 332165516 979 
370: 792829832 330376362 104 
371: 838695651 327887988 71 
372: 775657713 327703782 608 
373: 743631635 327472413 206 
374: 926560922 326539306 356 
375: 786568198 326528780 522 
376: 655597694 326498542 565 
377: 798883231 326429137 736 
378: 644781871 325921492 613 
379: 950548839 325670090 702 
380: 705972908 325623758 517 
381: 911807849 325363331 224 
382: 992951822 324333559 680 
383: 917717315 321621258 730 
384: 548005576 318519218 1 
385: 864705758 318518344 642 
386: 521519286 318487462 897 
387: 723296526 317874775 18 
388: 638051902 317489738 398 
389: 806137988 317315901 438 
390: 689340674 316402312 212 
391: 679536279 314489451 201 
392: 709111005 312005245 685 
393: 817601192 310596144 385 
394: 971407214 310567036 521 
395: 331602871 310454985 248 
396: 341583870 310170704 656 
397: 403943695 309860485 592 
398: 591318531 309221219 559 
399: 451412652 309088527 501 
400: 698405446 306721757 418 
401: 892471111 302914400 822 
402: 446784415 301189662 832 
403: 904412526 299912851 857 
404: 868083202 299289972 526 
405: 962707075 298157361 264 
406: 703574544 297682037 481 
407: 644356924 297462462 125 
408: 779320210 294199765 419 
409: 636877563 294061135 837 
410: 611465376 293776725 384 
411: 794085266 292398879 660 
412: 562611972 291904767 164 
413: 371413980 290288049 296 
414: 831822173 290215702 892 
415: 415668216 289462193 678 
416: 449656269 288941558 532 
417: 306630353 288703128 867 
418: 971728252 288346107 85 
419: 937143211 286958785 216 
420: 336126462 284198215 942 
421: 864841590 284152665 257 
422: 634905833 283364974 94 
423: 861452622 282995519 554 
424: 786468448 282062444 540 
425: 435854239 280596435 847 
426: 916179629 280132907 601 
427: 339777702 279987280 283 
428: 899172733 279943422 246 
429: 365811031 279836154 598 
430: 637789988 277829678 738 
431: 802153704 275680525 581 
432: 528540632 273792560 361 
433: 429713899 272685051 747 
434: 564120019 271580170 560 
435: 898378286 267419757 12 
436: 868258293 266753501 67 
437: 545969730 266165082 989 
438: 356090865 265704790 309 
439: 759176102 265463222 690 
440: 318519110 264222404 649 
441: 873198969 263801069 786 
442: 434107501 263542427 387 
443: 512360334 262841066 364 
444: 679617176 262424475 320 
445: 370434723 262180554 180 
446: 579831511 260913950 577 
447: 543889001 260466020 170 
448: 272790805 260303262 47 
449: 716438543 259835626 695 
450: 366248673 254928169 173 
451: 288804195 254866099 228 
452: 922517338 254593861 315 
453: 453041955 253917285 425 
454: 389312924 253713047 881 
455: 823248749 253037885 424 
456: 466624209 251403753 323 
457: 481542116 251190355 707 
458: 883735100 251011979 84 
459: 515228227 250954424 268 
460: 933042445 248628030 841 
461: 318021484 247956625 475 
462: 614160183 247239909 651 
463: 604715833 246403570 984 
464: 676169452 244681700 612 
465: 875136596 244606732 921 
466: 932458724 243619965 83 
467: 881717794 243145476 776 
468: 282101980 242818239 285 
469: 416919527 242419642 627 
470: 488603434 241896124 469 
471: 439950120 240761836 499 
472: 511748574 240670451 301 
473: 441618301 240419090 946 
474: 476944990 239504183 222 
475: 239163812 239158707 797 
476: 340825048 238994996 253 
477: 414970709 236587472 871 
478: 255738909 235512856 393 
479: 912281794 234157827 947 
480: 575053584 233818250 358 
481: 636867087 233603249 404 
482: 630767721 233014412 73 
483: 482926679 232834899 289 
484: 842225782 232020773 70 
485: 942900186 231971991 515 
486: 333781996 231570201 948 
487: 307706267 228995377 109 
488: 229201036 228414237 877 
489: 327953325 226790285 162 
490: 605116303 226614759 670 
491: 868771642 226423397 679 
492: 712004532 226069052 402 
493: 717141557 225408315 859 
494: 287252610 224907308 468 
495: 547637388 224426927 241 
496: 768466839 224260101 643 
497: 599085880 223524614 506 
498: 777634286 221379073 623 
499: 404214048 220711350 654 
500: 268671143 220562106 668 
501: 754153930 220150500 792 
502: 626532983 220030520 588 
503: 350356034 219362695 817 
504: 310653206 217963442 21 
505: 668054446 217826138 566 
506: 652244334 216864028 434 
507: 591099920 216493229 209 
508: 531081237 215167211 182 
509: 892179082 214251283 148 
510: 259517889 213693999 641 
511: 408180613 213504169 852 
512: 664661974 212409357 783 
513: 591705892 212163428 152 
514: 975361464 211990147 30 
515: 504187215 211086496 183 
516: 252313115 210750421 383 
517: 414210634 208634000 667 
518: 334433620 206835945 828 
519: 237993832 204227775 568 
520: 845328373 204164892 44 
521: 670062994 203152415 775 
522: 794863955 202815303 724 
523: 246738322 201830305 645 
524: 869938441 200732143 378 
525: 309834135 200504359 967 
526: 435206294 200055923 368 
527: 410940982 199815948 732 
528: 327359101 198107815 311 
529: 428550068 197472309 766 
530: 592346658 197307583 543 
531: 623700102 196417057 117 
532: 394765357 196112620 576 
533: 919509487 195192241 951 
534: 297984506 195050232 14 
535: 776482116 194709668 503 
536: 858794880 192746144 335 
537: 890345633 191519457 81 
538: 247537641 190241856 933 
539: 668773827 189274956 864 
540: 243411680 188657361 450 
541: 551155288 188616547 935 
542: 542006342 188500693 663 
543: 819604817 188047037 687 
544: 597529102 186737107 494 
545: 744504025 184862940 937 
546: 500150364 184372880 853 
547: 907399191 183621782 744 
548: 990038735 183143957 959 
549: 394520647 182106825 82 
550: 571756349 182016945 92 
551: 923757008 180700107 376 
552: 268095476 179636626 557 
553: 392366961 179283046 621 
554: 187627660 178181297 763 
555: 977959971 177491496 791 
556: 549039802 175347458 86 
557: 698067996 175213121 159 
558: 285139426 174977683 723 
559: 906987688 174826602 447 
560: 262925513 174180897 585 
561: 461872168 172034632 880 
562: 195687360 171736532 556 
563: 390120279 171589424 411 
564: 348906161 171564800 529 
565: 660598166 170529208 618 
566: 874050805 168761948 391 
567: 740959314 168089513 271 
568: 673354207 166942565 644 
569: 446804567 165913909 896 
570: 712009693 165170818 297 
571: 524422711 163775881 856 
572: 896008586 162778522 146 
573: 474897219 161087517 8 
574: 976506930 159561778 866 
575: 954204512 158696668 445 
576: 432727243 152824560 193 
577: 166369987 152438513 318 
578: 432665973 152031093 694 
579: 743739013 151495856 472 
580: 789360291 151416808 342 
581: 786273050 151344981 616 
582: 616010479 149734775 407 
583: 917805751 148836109 745 
584: 814911687 147845782 628 
585: 163115632 147620672 187 
586: 994923008 147517870 215 
587: 233361897 146823322 204 
588: 642281141 145952572 934 
589: 290466313 145520433 126 
590: 761538884 145409986 505 
591: 835533295 145152107 345 
592: 488389379 143595938 593 
593: 807485096 143171596 648 
594: 414624887 142301566 669 
595: 816589445 141599696 705 
596: 367145125 139982247 564 
597: 477198686 137919820 923 
598: 520723210 137582248 549 
599: 903570083 135048302 697 
600: 674027804 134296223 620 
601: 933987336 133319163 617 
602: 207333883 132897226 594 
603: 763428561 131846156 938 
604: 641586139 131546250 460 
605: 317952703 131174603 280 
606: 859141055 128917846 743 
607: 196433080 128493897 821 
608: 135105385 127656394 809 
609: 991164833 126669700 349 
610: 707052188 126290098 20 
611: 615581287 125866829 917 
612: 391522818 125710432 258 
613: 964270450 125657955 240 
614: 624490708 125569218 509 
615: 448454752 125232237 13 
616: 488607150 123881015 485 
617: 395268645 123456091 199 
618: 344581913 122880117 433 
619: 659482837 121919762 185 
620: 387341124 121798639 790 
621: 224461867 121291949 354 
622: 421440040 121181470 805 
623: 612280186 120871339 352 
624: 582609584 120041978 552 
625: 828297878 119964916 752 
626: 679513171 118826841 382 
627: 905066814 117258094 275 
628: 467400369 117160886 686 
629: 821796166 117151450 17 
630: 223028635 117048714 435 
631: 338408256 116706693 800 
632: 476486645 115600958 432 
633: 984771647 114521175 23 
634: 439568235 114152654 520 
635: 916523881 114087148 545 
636: 247631614 113237512 516 
637: 142065043 111447764 988 
638: 994220419 110952539 286 
639: 301848283 110525613 602 
640: 156995953 110174680 317 
641: 658703641 109340845 734 
642: 753907323 108921160 107 
643: 287113365 108832502 272 
644: 468398889 108187526 717 
645: 132508024 107968857 284 
646: 766247356 107000774 562 
647: 752073982 104413171 830 
648: 253410043 102428482 739 
649: 503811256 101684253 839 
650: 901117103 101150943 887 
651: 187720542 98672464 105 
652: 383622075 98032761 781 
653: 630114825 97950572 604 
654: 846037796 95736936 421 
655: 423308130 95306311 587 
656: 308690380 95093919 596 
657: 493685211 94497120 808 
658: 269163619 94398796 740 
659: 933667853 94005524 341 
660: 116925841 93710019 156 
661: 801141060 92714463 955 
662: 676150792 92453705 905 
663: 637132250 92130404 466 
664: 639452096 91258550 996 
665: 375636071 91176975 524 
666: 535921586 90350007 971 
667: 715233367 90109680 339 
668: 284903834 90080077 575 
669: 195665930 89799361 862 
670: 535496501 89725037 930 
671: 740909672 88285019 231 
672: 780956012 88094298 165 
673: 957935764 88054496 168 
674: 680523049 87910822 990 
675: 692205376 87590880 451 
676: 961784550 87417998 591 
677: 670920190 86960783 214 
678: 795325398 86800928 5 
679: 649658174 84179748 294 
680: 570509338 83735225 302 
681: 219431294 83646031 711 
682: 880013416 81178970 174 
683: 958414883 80845417 261 
684: 417976248 80416594 796 
685: 748710846 79894242 157 
686: 700480288 79858205 463 
687: 744009990 78336557 692 
688: 157983529 78282892 181 
689: 221021171 78135496 991 
690: 265155793 76767213 701 
691: 569035560 76023540 232 
692: 810909378 75455046 314 
693: 108051037 74967120 158 
694: 991809986 74953491 108 
695: 647786150 73769832 369 
696: 271099678 73463148 626 
697: 394850750 73430703 332 
698: 692717061 73401591 59 
699: 381966915 73155166 798 
700: 900786318 72119865 90 
701: 118376683 72111535 530 
702: 307874110 71766020 333 
703: 151307722 71529914 652 
704: 935843149 71017556 87 
705: 943696775 70900974 910 
706: 430796457 70871851 838 
707: 720798915 68640084 538 
708: 614620344 68537613 55 
709: 890513053 68230964 582 
710: 341220019 67764438 188 
711: 652331593 65394482 337 
712: 359623093 65191814 664 
713: 933414151 63676458 48 
714: 299213445 61423664 827 
715: 703530436 61150788 662 
716: 934677835 60711029 958 
717: 823076990 59198385 704 
718: 385486788 58845853 416 
719: 838978166 58769496 453 
720: 800331658 58417400 770 
721: 455981010 57616972 757 
722: 983206610 57486884 124 
723: 870118456 56130141 719 
724: 99708768 54804053 467 
725: 134256996 54266232 956 
726: 131244295 53781815 153 
727: 799060848 51548805 16 
728: 474599018 51161025 886 
729: 405265837 50862354 995 
730: 233156310 49801987 771 
731: 677559299 49796919 340 
732: 796563373 49162958 252 
733: 488135242 48873407 970 
734: 931648337 48215938 101 
735: 477195779 48181531 24 
736: 467554780 47955095 666 
737: 229404053 47387548 136 
738: 949542703 47192982 986 
739: 273616448 46740413 478 
740: 391169760 46288700 7 
741: 491548416 46149462 710 
742: 444888018 45264453 818 
743: 764939541 45143316 186 
744: 605997004 44666938 514 
745: 953030320 43804383 975 
746: 736470922 43788476 860 
747: 86318129 42992862 926 
748: 647413210 42783495 898 
749: 378355989 42577892 774 
750: 683846744 42115179 28 
751: 618903267 41905812 675 
752: 802268435 40121760 266 
753: 697640875 39573207 135 
754: 125851022 39203364 236 
755: 675645627 38566697 106 
756: 814964056 38258946 733 
757: 978994295 37717453 819 
758: 333397200 36843898 237 
759: 365129176 36707115 233 
760: 804080775 35435655 879 
761: 764569694 35333182 721 
762: 286470276 35156397 816 
763: 989222712 33394010 11 
764: 114540160 33320343 589 
765: 480845266 32279671 855 
766: 492428203 32176327 375 
767: 486883878 32075213 482 
768: 634668792 31485311 767 
769: 176421461 30918161 953 
770: 118341163 30847487 600 
771: 509826417 28696943 128 
772: 224157296 28488876 91 
773: 360807626 27638788 814 
774: 55343317 27256538 396 
775: 839320819 25935785 716 
776: 33599692 25806953 326 
777: 259874497 25414811 54 
778: 855532712 25229323 45 
779: 800681391 25138993 972 
780: 65033544 25046476 357 
781: 507594387 24038213 495 
782: 290018915 23676143 27 
783: 217363248 23628501 760 
784: 504015192 23437832 511 
785: 655702582 23169940 487 
786: 755312233 22838524 477 
787: 167061262 22515809 497 
788: 41025855 20794690 977 
789: 849643485 20138214 287 
790: 142706811 19832144 470 
791: 542830725 19740087 940 
792: 888349177 19728213 279 
793: 479325303 19583227 319 
794: 791147147 19532264 244 
795: 925181073 19523450 53 
796: 359284240 19429673 343 
797: 128408775 19029778 321 
798: 846287685 19010309 802 
799: 761655077 18940908 219 
800: 876032964 18699584 677 
801: 31270019 17795453 381 
802: 312590466 17524764 390 
803: 884129056 16814419 688 
804: 424832217 16349477 234 
805: 520679017 15845402 868 
806: 30048394 15565025 761 
807: 832722683 15031885 448 
808: 773972581 14541529 115 
809: 348287978 13679927 498 
810: 614056069 13678309 351 
811: 636481400 12727739 570 
812: 117523708 12464242 703 
813: 293990056 12413007 410 
814: 385548068 12017987 764 
815: 303936871 11025309 474 
816: 568204776 10573043 586 
817: 946881177 10409897 239 
818: 92899668 9306275 331 
819: 781032900 9154105 251 
820: 759985962 8620944 373 
821: 273509011 8513199 632 
822: 458846224 8493167 420 
823: 287081186 8323136 151 
824: 85111736 7714730 784 
825: 91593295 7670202 902 
826: 415678943 6656731 388 
827: 227149886 6507715 133 
828: 950778206 6397477 316 
829: 909529507 6336036 769 
830: 409974917 6332470 116 
831: 41702076 6071790 32 
832: 48817723 4838509 305 
833: 176944354 3606992 230 
834: 31124020 3461973 76 
835: 569231264 2993523 836 
836: 863063846 2472249 154 
837: 388597517 2020691 276 
838: 285093436 2014199 610 
839: 942732325 -12517159 878 
840: 864675718 -133138610 854 
841: 859769947 -104868255 682 
842: 817298992 -163931180 753 
843: 810121926 -91332802 88 
844: 806121958 -35469552 615 
845: 801204888 -7213624 304 
846: 781130281 -176522885 436 
847: 771989534 -169623431 912 
848: 771970764 -16105891 750 
849: 757656688 -224687614 537 
850: 752361849 -141988276 346 
851: 749552089 -228192769 401 
852: 745449226 -220512269 550 
853: 743101581 -126619751 259 
854: 735838541 -152745240 665 
855: 717099376 -224345720 684 
856: 712020979 -278489800 671 
857: 703448200 -272784615 428 
858: 679352833 -76760023 408 
859: 676758770 -25131572 37 
860: 672075052 -107105754 633 
861: 662892041 -204230647 969 
862: 658129581 -62232004 874 
863: 647938679 -24609882 865 
864: 619843643 -289501210 624 
865: 614799779 -107850039 200 
866: 606359195 -366290422 298 
867: 599514852 -246652088 629 
868: 596595836 -63858729 78 
869: 593117640 -165116832 614 
870: 563982537 -314470130 640 
871: 557561418 -46606793 920 
872: 556323720 -13564303 810 
873: 555962410 -140389777 363 
874: 547483434 -381149508 189 
875: 546095536 -178012744 429 
876: 540438974 -385549673 238 
877: 539921137 -170089679 611 
878: 537256772 -76877574 265 
879: 524339699 -153140420 965 
880: 519629328 -213886821 963 
881: 518801594 -322919548 507 
882: 517647233 -171059562 547 
883: 514613173 -65484341 325 
884: 506668881 -99833245 140 
885: 497798713 -418344608 779 
886: 494206699 -27577568 137 
887: 470999790 -140271772 205 
888: 467309215 -273975474 267 
889: 460107987 -449714676 360 
890: 456945165 -232941186 98 
891: 453735982 -384138970 842 
892: 437405889 -175669481 928 
893: 436812929 -540299179 533 
894: 426085341 -26411844 801 
895: 424838447 -300187993 192 
896: 418604238 -564210221 712 
897: 412765555 -221526827 919 
898: 410747700 -524295571 327 
899: 406641905 -16031856 982 
900: 390613997 -426537229 793 
901: 384414836 -420423417 489 
902: 381978823 -260181330 62 
903: 380791293 -310890677 141 
904: 376637178 -594012092 523 
905: 370987465 -426099996 777 
906: 361173233 -70048179 4 
907: 347286668 -644713562 95 
908: 344251847 -513475908 696 
909: 341359628 -441080635 213 
910: 338910880 -456348545 555 
911: 324898724 -401375184 171 
912: 324559352 -60945981 449 
913: 321586476 -22746015 890 
914: 319047470 -301660043 636 
915: 317666007 -473287033 409 
916: 308049145 -487562866 746 
917: 305450538 -429578841 754 
918: 303010676 -401936192 139 
919: 300548946 -566850700 324 
920: 296756002 -321576640 227 
921: 293139584 -103495318 939 
922: 292996992 -636104828 728 
923: 292784326 -297860196 177 
924: 292262353 -271021329 400 
925: 291287609 -651090708 484 
926: 287379982 -292526233 987 
927: 279212387 -289395444 129 
928: 276307582 -76826958 954 
929: 271977507 -300333334 243 
930: 271169048 -2962482 127 
931: 267768873 -294542527 397 
932: 261312511 -620225927 983 
933: 259500443 -91076338 715 
934: 256735240 -643070000 539 
935: 252822188 -242487870 371 
936: 247313093 -265067508 561 
937: 246520088 -539805842 263 
938: 245866596 -612357271 274 
939: 241509680 -488271921 15 
940: 241415953 -29082807 161 
941: 240217865 -51539780 950 
942: 235000644 -76421455 693 
943: 234282537 -424674746 768 
944: 227162762 -662986556 172 
945: 221345964 -307567502 985 
946: 221095173 -52968320 646 
947: 220030846 -396024715 441 
948: 209061239 -703731709 102 
949: 206816355 -573732125 260 
950: 204592126 -629326993 223 
951: 204023177 -25972942 674 
952: 201123156 -363319511 546 
953: 197108397 -114072714 362 
954: 185734283 -760405807 906 
955: 184888154 -65530161 288 
956: 183852221 -36622145 823 
957: 178565087 -479482913 927 
958: 177942692 -10387268 291 
959: 174764001 -77168826 510 
960: 173976640 -89207859 149 
961: 173019921 -642930017 571 
962: 169994147 -566749471 379 
963: 166931517 -712464131 502 
964: 166000841 -800161780 277 
965: 163491258 -478846156 46 
966: 163061644 -603586021 544 
967: 160564043 -80919168 542 
968: 157327928 -305530255 689 
969: 147830417 -192550777 256 
970: 145730672 -684047723 208 
971: 137861306 -103780302 412 
972: 136395870 -452234458 308 
973: 135268542 -656135301 329 
974: 119068298 -117869145 639 
975: 114890626 -155547429 184 
976: 113571878 -730358909 870 
977: 93979792 -216343935 344 
978: 91410744 -155235135 0 
979: 89174319 -734945124 394 
980: 89108654 -746336943 834 
981: 87046404 -200421276 889 
982: 82039519 -183742636 795 
983: 71913844 -583743253 630 
984: 69237403 -831651741 254 
985: 66586386 -630888322 33 
986: 66257496 -582451445 455 
987: 66039606 -396653547 282 
988: 56373410 -757653919 580 
989: 52852438 -253276573 458 
990: 49676737 -562713294 945 
991: 44831716 -185903654 79 
992: 34332542 -464847095 650 
993: 34063162 -563900244 824 
994: 33129763 -207146548 840 
995: 31090590 -330501334 861 
996: 30822278 -169194570 417 
997: 29164499 -694086708 431 
998: 6686791 -912280936 756 
999: 95359 -427199303 427 